+15300964228
+17751053442
+12315860809
+17733719407
+15801743357
+17163288947
+12810147625
+14045061041
+16621603326
+13528693268
+17060997932
+18080287876
+19599919018
+19012872431
+17311123903
+17577249901
+15133306564
+18508027062
+17401739527
+17629726474
+19042841582
+17736242004
+19012925294
+19065096137
+14587968818
+15409091691
+19849183998
+19065655879
+19598442626
+13030017637
+13310391740
+19030495232
+16059881445
+14175269168
+14071160166
+14175701484
+19702018120
+17064789342
+12186317567
+14424430948
+16090883085
+18143869511
+15743995374
+14432697232
+15517048258
+18659845898
+16603237003
+18087431518
+18540560963
+13617736395
+12393009341
+12195847718
+15030476610
+19783242303
+13405968122
+14096705609
+12180155138
+15617490287
+12032793188
+16028652442
+19529524300
+16307418847
+15083050208
+17018901062
+13139934785
+18326009335
+14400291947
+18489880717
+17659827338
+12085405793
+19346748734
+17079781838
+18029491310
+18124152867
+16578073635
+14026377713
+12180767935
+13527505199
+14108861579
+12486034927
+17032065217
+17155880744
+19360471518
+13479767027
+16202288517
+12527216460
+13643991601
+16601769255
+18787043105
+15616267230
+19070557013
+15074471764
+19417621384
+12081897229
+19192308486
+12390384429
+18607100068
+18707534223
+15044193204
+16507563846
+15754168523
+13136588246
+12073205729
+12185453592
+15126443963
+12148765987
+19700880095
+15105504338
+18302387353
+14046780327
+12094116094
+12053025485
+16574332236
+14199814222
+18130892084
+13378585450
+19153303618
+14321789930
+16608086661
+13199509249
+15399877187
+14094554048
+17631203365
+19067881564
+14106624957
+19093381681
+15045861719
+15392345006
+13028674214
+14027163791
+12707812198
+12169695405
+18122996029
+14701213763
+15711277615
+16205642054
+12729550923
+14055118928
+15305335243
+16084514655
+13803921231
+15732885000
+18046272000
+16512519531
+13367973264
+15599515039
+13153830226
+19093767364
+12523092541
+16628741283
+17085511665
+16146077142
+19201469568
+13203460924
+14842773492
+15643292604
+14069910307
+18606811405
+17143671543
+13074338609
+16827298055
+16505850847
+15341408800
+17370749989
+16122261043
+17316915858
+15100763956
+14237038063
+17268656684
+15392465288
+16699858268
+16818935750
+12179113622
+19259829460
+19499826586
+19250344525
+17732252605
+12157790025
+13474714736
+19041604291
+14699365897
+17325339003
+12071027222
+12242497506
+19717727110
+17811343520
+14148325646
+19170307247
+14352554372
+16109356488
+15632086870
+15171254652
+13033293639
+17069622721
+15594291997
+18160967512
+16893291936
+12125877935
+15672888705
+12088455803
+14013574258
+16611661351
+16068181979
+13519215519
+15165441512
+15019262591
+16282418672
+18161747292
+13644494664
+16827966706
+14408503615
+14128904683
+18280578450
+16606063991
+13088616945
+18051740393
+17267942675
+15100362369
+12522400721
+18328676009
+12083723216
+13022471947
+19516471741
+18570972026
+16202312701
+15095248321
+17857374008
+12061646493
+16180927245
+15405874749
+19524307000
+16781652042
+16023215559
+17814435349
+16501807013
+14805051207
+13200886310
+18329482797
+19091986745
+14341269524
+18320393700
+15182747711
+18575060467
+16607821522
+19087563045
+16108457951
+17204303210
+12760707953
+19076804272
+12067032102
+16893857515
+16269534876
+19807734588
+14401103222
+13164349477
+18141432092
+13168025119
+17724276923
+19290605346
+13028911178
+12092004994
+14708302769
+18052060433
+14344424879
+13142087061
+15314216812
+15181468364
+17273032804
+12175712271
+19478432906
+12257542209
+17089561139
+19177300420
+17127390038
+17139203236
+17255498564
+17601231681
+18049886173
+13151395313
+17755943291
+14128976473
+19070885158
+18473442740
+19289138941
+13403670105
+17707908824
+19496755864
+16360306633
+17172968985
+15717424050
+13863092353
+18177027334
+17259453875
+16122921997
+14056694974
+12183458188
+15316380619
+12396102858
+15349705489
+19254153884
+15418276188
+13803589465
+15208333554
+18176087263
+12258611164
+14259846037
+19017781535
+17732793248
+14752629457
+15021819473
+17604660366
+15049939209
+17186219820
+13036919736
+12315373884
+18056991183
+19200699749
+14585850282
+17315439162
+17725600192
+16806957002
+16315690057
+15398781191
+18282365819
+19407547482
+17407927817
+14403765420
+19066964998
+19172464021
+14145871322
+17548269554
+16892019318
+17865425764
+14322092965
+18434220973
+17541869307
+13371955307
+14697123030
+17207270044
+12762431110
+18785003632
+16896191273
+18284674797
+15160512633
+12399887096
+14797982809
+15319391552
+16160266240
+18707552915
+14056986144
+18045961229
+12066337340
+15200258485
+12605999044
+17654327419
+18014993808
+13047592780
+15511581464
+18722777423
+19569334825
+13369369519
+16162799797
+19340974158
+17572944300
+17370582841
+16078233701
+14236913600
+19018534204
+17154154132
+17859585487
+16126097931
+19417768420
+17723230831
+16691816663
+14402982949
+12255367528
+14842070045
+17021147778
+16365579347
+12101363868
+18470285997
+14194701177
+17122830610
+16507526076
+18141661550
+16019551108
+16074983868
+16022376562
+19788493134
+19196787895
+13373734145
+13126417717
+16186866436
+17540494471
+18124868402
+15759836935
+19182699218
+19408173915
+15025164069
+15203681843
+17011300009
+17403304417
+15622402504
+18452306925
+14792818428
+19200484943
+18054451947
+12189572424
+18623855331
+12167101823
+16069639071
+19256774301
+18010285892
+15740787567
+16576381451
+16812564722
+17863661378
+19739236433
+16181713174
+16167620313
+12098900371
+12728875817
+17575343174
+18189981296
+17046924234
+19150465498
+16203536857
+18168062576
+12124918578
+18030779964
+12698069742
+14126985953
+16303842554
+15156428279
+17544159456
+19562957910
+13211179444
+15703026105
+15593630069
+18473186709
+15015442026
+14301813434
+14427807779
+19142137126
+13096330612
+16141007556
+16164145418
+17728966211
+12031869965
+14195301064
+17570219842
+19253137393
+17755183162
+14129560723
+13024494324
+16574152152
+18124509958
+14072662885
+13016012943
+18122926542
+16143606783
+14588794933
+18286918128
+12530860124
+13465600210
+18723361413
+14053361665
+18622009614
+12564577932
+14401769683
+15205859313
+19521709962
+13470910380
+19561217148
+18034840836
+19011741019
+16095575047
+15052736836
+16895856113
+19401305164
+16675134549
+15803421546
+15417231356
+18625126755
+13028284273
+15342846128
+13399421824
+19843647398
+13394628385
+14750486584
+13040915592
+19598797502
+13253272113
+13475275340
+15347648932
+15754926499
+17049002625
+16260678802
+14809125011
+16468881726
+13146690732
+18155657924
+15179121338
+19405383117
+17039967598
+17853505457
+13258871208
+14439637222
+14251973594
+17065858121
+14103628191
+19801214843
+17136592378
+17251241742
+19295162097
+19716769616
+12078539573
+12243786286
+15706618362
+13146267144
+18583716591
+16577162693
+17749038048
+19808110383
+19148473631
+13214596475
+15644037175
+19137560467
+19016663630
+18108839029
+13124614654
+14098079685
+13169553318
+13149661091
+19090414822
+19316076716
+16612779146
+19726955767
+12764218999
+14803105500
+16201651391
+15316091509
+17636041861
+13103410542
+15097276780
+18060344754
+14844187238
+18285272523
+14340221524
+19722442204
+15745439549
+15390558310
+16823927629
+18168691127
+12081760915
+18450065296
+17639865554
+16781763967
+13518795135
+19075161951
+18154801498
+12020230798
+19197553139
+19064276885
+12819308957
+16129402283
+14093939948
+18051042194
+15187330195
+18480799402
+14424420996
+13863863999
+17470138027
+19373158691
+19250288754
+15637990956
+17128745221
+19019319013
+13122303885
+13858604488
+18016856626
+18628567718
+19364923774
+14132326294
+18607719061
+15734405574
+18455007488
+12537037698
+17635709031
+12015199839
+14425221919
+18567447936
+17341807062
+18147285417
+16618885930
+18120559627
+16053591171
+15402163903
+18057358521
+16578015716
+14325063750
+15612733876
+18037374561
+12028338455
+12708288220
+16593145863
+17758062912
+16369970079
+14129130543
+17347746462
+18288024477
+13154976283
+14023553861
+16084334296
+14433890492
+15399922675
+13363419510
+16030401044
+12259931834
+13161063289
+14043919415
+14135330455
+19894940656
+12484579056
+19140059684
+18123872090
+15647077596
+14054578287
+17135710990
+16080369967
+16309442814
+16898448811
+14309535993
+17625516680
+19182870504
+13463297064
+16232410895
+19897558237
+13144319408
+17860640596
+16609265352
+17271408291
+16127136178
+16519461449
+12247731400
+15205700356
+18385782802
+16801742015
+18325922559
+12345654916
+19073771729
+16022229953
+15739481924
+19047521979
+19067159084
+16593900116
+17579583702
+12053259026
+14132334901
+15623267053
+14132352430
+14806195851
+17060350450
+14018957244
+17329362781
+13130935452
+12251026443
+18709938210
+17259738631
+19259015396
+19737185429
+18103049851
+18432117325
+12285399810
+19299255182
+12193077233
+12397698631
+12039630121
+16678462534
+15755175181
+18012083747
+16066020653
+19891938604
+19380855163
+13089350867
+14754913589
+16361539614
+12148760883
+18082205930
+17470503548
+15611697192
+16461126700
+19547578404
+12285570822
+14018734875
+19284773370
+16821708474
+16893392249
+15756915700
+19850186524
+16622669091
+14755723444
+17073071547
+18639437140
+14069453623
+17544207687
+17795830709
+17547828014
+13474692021
+17744141733
+15614780688
+12691544911
+14706721949
+18653860523
+17474401772
+15174576546
+19283245349
+19202458095
+16076742679
+12074840766
+19730196117
+14849978850
+14755463953
+14258688474
+14254741147
+15044489998
+18318477737
+12251930364
+12138178760
+15616041337
+17083583783
+17033596213
+19803330294
+12690751155
+18300870459
+14306778915
+18183740451
+19017176215
+18135850325
+13472119920
+18062755068
+16033474386
+13527438806
+14133898978
+12535763361
+17811839169
+19541761017
+12038839963
+16267579609
+15857078359
+15128707119
+17631988709
+15391593484
+12157964889
+13205055586
+12166207577
+19282710951
+12540177076
+17130257398
+14304226746
+19104913702
+15346590060
+13477720847
+14102480531
+19732610871
+15313094193
+19162858108
+18451407393
+18158830884
+14707643880
+17190205981
+13231438436
+17150244572
+19342831833
+15033112600
+13160717800
+13104995117
+12514064365
+17370525298
+19704653656
+19076745893
+15027565800
+19843412908
+18485543939
+15158346472
+19108169292
+15396002150
+19413107092
+17868833954
+17037711138
+14048600344
+15345840543
+16603035744
+15516457445
+19381489513
+16162524191
+18560661163
+17700557354
+12092432386
+19496784517
+13031155715
+19154281974
+12480045962
+12693616783
+19031772197
+17572047246
+17129868521
+16894180866
+19166996005
+18632059718
+17196073453
+16143371176
+17603137228
+19890573646
+18487930090
+19374396088
+19172484356
+15752628949
+15021828397
+13093559450
+18704832526
+16368766778
+12480225734
+16021445181
+15056822466
+12100782634
+13071775221
+17371690717
+17702793714
+19383111908
+12768842448
+13035294108
+13157709643
+16286502471
+14325878190
+12299644440
+18088354061
+13190689401
+15752872895
+18322179122
+16284197427
+13403785013
+17179890563
+19790598702
+18051602931
+18081477010
+17080246562
+15080647177
+13092244743
+19107040174
+18308844519
+14400228278
+15090461351
+18321844662
+13209790681
+14090084066
+19529973555
+14327186818
+12294396320
+18109482859
+13400439943
+17434167635
+19364436608
+18503571000
+13513163246
+15719141059
+13375048453
+12390591173
+18484801773
+19593888804
+17048689964
+18502796103
+13038560280
+13120898059
+17252635278
+19256776388
+17401434928
+14126469317
+15085704992
+14142826782
+12132924232
+17858415520
+13075837568
+14409522236
+13860925807
+15180350065
+15754141879
+16197009092
+17279496475
+14144639998
+18164449132
+17321754590
+13213903921
+16191949581
+12512903963
+16418874571
+12192397703
+13342330765
+15079547297
+14436702307
+13470041185
+12342893698
+19070324531
+14244225323
+12489080267
+17027538428
+16508454649
+19408081828
+13203467073
+17017555848
+18181994693
+13641042844
+16464583657
+16182575946
+18548590094
+16175727618
+17738231642
+12721939065
+17146393810
+15678485776
+18156863168
+19704582997
+14012655986
+16200280626
+19526577169
+18595037438
+13371529650
+15348078783
+14047042812
+18608678570
+16092483248
+19128437132
+17740932922
+17346105047
+18592908021
+13461517566
+18508627351
+19516703284
+16073817006
+12528889952
+19405178370
+16621319071
+16164735677
+12767647573
+17720699149
+15596840901
+13122221309
+13161202053
+16512965823
+14302193425
+16367784101
+13862810024
+13527811068
+18172278030
+17258153553
+15618952400
+13031356707
+16895242925
+19192372715
+18456078089
+12251503986
+13028806904
+12522246428
+14089237444
+14430751681
+15749620610
+16141310295
+16164657934
+12522195645
+14230915109
+12133318928
+12033118783
+16368697102
+17185552621
+14844791121
+16896172923
+13147066399
+19031202006
+16518080200
+15172499203
+15719122687
+17341937119
+15300024096
+18700778434
+17083197158
+19897216508
+18381199474
+17011592065
+17165258176
+12039400681
+18473747626
+13618375026
+13211315257
+17192017439
+13804374646
+12032155374
+13105752809
+16141469319
+19384334162
+14135144352
+14428099185
+15034841286
+13510190435
+14358211810
+14780642812
+13192846591
+18165118336
+17132418901
+13313036382
+15750428229
